98 1672203600000 2.65 19.61 8.06 2 177 南 0.00 1025.50 347.42 0 晴 2.22 1.45 -223.68 
98 1672207200000 3.70 18.79 4.50 1 152 东南 0.00 1024.68 274.87 0 晴 3.52 1.50 -176.3 
98 1672210800000 2.67 18.99 6.15 2 197 西南 0.00 1024.57 191.29 0 晴 2.44 1.41 -97.27 
98 1672214400000 2.08 20.13 2.84 1 219 西南 0.00 1024.75 89.04 0 晴 2.31 1.43 -23.12 
98 1672218000000 0.26 22.70 1.75 1 217 西南 0.00 1025.17 0.00 0 晴 0.82 1.41 0.54 
98 1672221600000 -1.92 29.26 0.33 0 79 东 0.00 1025.63 0.00 0 晴 -1.00 1.55 0.0 
98 1672225200000 -3.67 34.04 0.70 0 34 东北 0.00 1026.06 0.00 0 晴 -2.98 1.59 0.0 
98 1672228800000 -3.99 35.87 2.14 1 323 西北 0.00 1026.38 0.00 0 晴 -3.72 1.63 0.0 
98 1672232400000 -4.75 38.84 1.52 1 351 北 0.00 1026.61 0.00 0 晴 -4.48 1.67 0.0 
98 1672236000000 -5.29 41.92 5.34 1 305 西北 0.00 1026.86 0.00 0 晴 -5.79 1.73 0.0 
98 1672239600000 -6.32 43.67 0.84 0 89 东 0.00 1027.22 0.00 0 晴 -6.10 1.66 0.0 
98 1672243200000 -6.38 44.60 3.62 1 302 西北 0.00 1027.61 0.00 0 晴 -6.79 1.69 0.0 
98 1672246800000 -4.25 35.39 2.18 1 241 西南 0.00 1027.32 0.00 0 晴 -3.95 1.58 0.0 
98 1672250400000 -3.53 29.52 10.61 2 33 东北 0.00 1027.27 0.00 0 晴 -3.92 1.39 0.0 
98 1672254000000 -2.13 24.15 6.30 2 33 东北 0.00 1027.47 0.00 0 晴 -1.98 1.26 0.0 
98 1672257600000 -3.57 26.59 2.26 1 8 北 0.00 1027.02 0.00 0 晴 -2.85 1.25 0.0 
98 1672261200000 -4.15 27.99 3.15 1 69 东北 0.00 1027.23 0.00 0 晴 -3.59 1.26 0.0 
98 1672264800000 -4.21 26.49 6.89 2 30 东北 0.00 1027.40 0.00 0 晴 -4.02 1.18 0.0 
98 1672268400000 -4.63 28.42 7.24 2 60 东北 0.00 1027.97 0.00 0 晴 -4.55 1.23 0.0 
98 1672272000000 -4.02 26.13 8.67 2 13 东北 0.00 1028.31 24.81 0 晴 -4.00 1.19 -5.96 
98 1672275600000 -1.21 21.69 2.77 1 348 西北 0.00 1028.57 146.20 0 晴 -0.60 1.21 -40.3 
98 1672279200000 1.63 17.51 2.19 1 304 西北 0.00 1028.70 274.01 0 晴 2.11 1.20 -149.68 
98 1672293600000 3.91 17.15 3.36 1 227 西南 0.00 1026.66 302.17 0 晴 3.89 1.39 -186.35 
98 1672297200000 2.95 16.94 2.28 1 207 西南 0.00 1026.60 186.82 0 晴 3.24 1.28 -103.38 
98 1672300800000 2.58 17.73 2.62 1 218 西南 0.00 1026.88 80.94 0 晴 2.84 1.30 -24.38 
98 1672304400000 0.57 21.18 1.62 1 236 西南 0.00 1027.25 0.00 0 晴 1.18 1.35 0.48 
98 1672311600000 -3.08 32.53 1.36 1 309 西北 0.00 1028.57 0.00 0 晴 -2.54 1.58 0.0 
98 1672315200000 -4.63 35.24 1.29 1 35 东北 0.00 1028.75 0.00 0 晴 -4.10 1.53 0.0 
98 1672318800000 -5.91 39.97 1.71 1 353 北 0.00 1029.08 0.00 0 晴 -5.69 1.57 0.0 
98 1672322400000 -6.93 42.19 1.29 1 21 东北 0.00 1029.17 0.00 0 晴 -6.72 1.53 0.0 
98 1672326000000 -7.15 42.97 2.40 1 15 东北 0.00 1029.04 0.00 0 晴 -7.22 1.53 0.0 
98 1672329600000 -7.57 46.65 1.20 1 299 西北 0.00 1028.89 0.00 0 晴 -7.62 1.61 0.0 
98 1672333200000 -7.89 45.79 1.85 1 300 西北 0.00 1028.51 0.00 0 晴 -8.03 1.54 0.0 
98 1672336800000 -8.41 46.74 1.71 1 290 西北 0.00 1028.36 0.00 0 晴 -8.57 1.51 0.0 
98 1672340400000 -8.59 47.10 1.24 1 296 西北 0.00 1028.17 0.00 0 晴 -8.66 1.50 0.0 
98 1672344000000 -9.04 47.32 2.39 1 306 西北 0.00 1027.53 0.00 0 晴 -9.38 1.46 0.0 
98 1672351200000 -9.87 49.46 2.00 1 344 西北 0.00 1027.06 0.00 0 晴 -10.29 1.43 0.0 
98 1672354800000 -9.31 47.34 2.25 1 342 西北 0.00 1027.14 0.00 0 晴 -9.62 1.43 0.0 
98 1672358400000 -9.27 48.05 1.47 1 311 西北 0.00 1027.26 25.81 0 晴 -9.46 1.45 -6.44 
98 1672362000000 -4.57 37.80 0.94 0 275 西 0.00 1027.37 151.68 0 晴 -4.11 1.64 -40.19 
98 1672365600000 -0.85 28.92 0.50 0 6 北 0.00 1027.37 259.12 0 晴 -0.10 1.66 -143.74 
98 1672369200000 1.02 23.91 3.00 1 188 南 0.00 1027.06 370.70 0 晴 1.23 1.57 -205.85 
98 1672372800000 2.14 20.50 6.98 2 184 南 0.00 1025.98 414.31 0 晴 1.85 1.46 -227.79 
98 1672376400000 4.05 19.08 3.35 1 179 南 0.00 1024.68 374.49 0 晴 3.96 1.56 -223.76 
98 1672380000000 4.50 17.54 4.56 1 169 南 0.00 1023.73 310.68 0 晴 4.22 1.48 -186.85 
98 1672383600000 3.94 17.64 5.88 1 179 南 0.00 1023.42 183.94 0 晴 3.60 1.43 -105.09 
98 1672387200000 3.67 18.13 2.90 1 206 西南 0.00 1023.66 86.87 0 晴 3.72 1.44 -24.22 
98 1672390800000 1.56 21.02 1.68 1 197 西南 0.00 1023.61 0.00 0 晴 2.03 1.44 0.49 
98 1672394400000 -1.52 27.51 1.21 1 197 西南 0.00 1023.90 0.00 0 晴 -0.84 1.50 0.0 
98 1672398000000 -3.51 34.03 1.23 1 20 东北 0.00 1024.23 0.00 0 晴 -2.98 1.60 0.0 
98 1672401600000 -4.81 38.36 1.62 1 32 东北 0.00 1024.28 0.00 0 晴 -4.53 1.64 0.0 
98 1672405200000 -5.30 39.73 1.74 1 1 北 0.00 1024.42 0.00 0 晴 -5.10 1.64 0.0 
98 1672408800000 -6.07 42.88 2.45 1 308 西北 0.00 1024.38 0.00 0 晴 -6.18 1.66 0.0 
98 1672412400000 -6.53 44.22 4.11 1 295 西北 0.00 1024.33 0.00 0 晴 -6.98 1.66 0.0 
